0 0.086250 0.085000 0.127500 0.150000
0 0.256250 0.100000 0.137500 0.175000
0 0.412500 0.102500 0.125000 0.185000
0 0.600000 0.101250 0.150000 0.182500
0 0.741250 0.095000 0.137500 0.160000
0 0.912500 0.101250 0.160000 0.177500
0 0.922500 0.336250 0.155000 0.167500
0 0.740000 0.337500 0.155000 0.190000
0 0.548750 0.348750 0.217500 0.197500
0 0.258750 0.343750 0.162500 0.162500
0 0.088750 0.343750 0.157500 0.172500
0 0.087500 0.590000 0.145000 0.155000
0 0.260000 0.597500 0.155000 0.185000
0 0.562500 0.616250 0.205000 0.227500
0 0.747500 0.597500 0.150000 0.190000
0 0.915000 0.598750 0.155000 0.187500
0 0.080000 0.843750 0.145000 0.182500
0 0.251250 0.841250 0.147500 0.162500
0 0.430000 0.846250 0.135000 0.172500
0 0.596250 0.843750 0.142500 0.177500
0 0.750000 0.847500 0.145000 0.190000
0 0.911250 0.837500 0.142500 0.175000
