0 0.131875 0.347500 0.138750 0.201667
0 0.371250 0.123333 0.150000 0.226667
0 0.632500 0.120000 0.152500 0.213333
0 0.855000 0.104167 0.112500 0.205000
0 0.847500 0.354167 0.142500 0.221667
0 0.651875 0.360833 0.123750 0.195000
0 0.358125 0.360833 0.113750 0.205000
0 0.112500 0.590000 0.120000 0.190000
0 0.376250 0.593333 0.107500 0.183333
0 0.621250 0.603333 0.120000 0.206667
0 0.899375 0.590000 0.141250 0.190000
0 0.144375 0.852500 0.108750 0.195000
0 0.404375 0.865000 0.123750 0.193333
0 0.665625 0.859167 0.116250 0.201667
0 0.852500 0.860833 0.120000 0.201667
