0 0.071875 0.047500 0.048750 0.088333
0 0.129375 0.285000 0.093750 0.153333
0 0.160000 0.586667 0.122500 0.203333
0 0.046250 0.849167 0.082500 0.155000
0 0.189375 0.846667 0.076250 0.130000
0 0.335625 0.850833 0.091250 0.138333
0 0.397500 0.414167 0.205000 0.398333
0 0.360625 0.076667 0.093750 0.150000
0 0.494375 0.064167 0.086250 0.125000
0 0.672500 0.052500 0.047500 0.098333
0 0.788750 0.079167 0.095000 0.155000
0 0.833750 0.330000 0.157500 0.243333
0 0.556250 0.325000 0.105000 0.183333
0 0.515000 0.838333 0.055000 0.106667
0 0.649375 0.830833 0.058750 0.108333
0 0.954375 0.065000 0.091250 0.126667
0 0.910625 0.573333 0.088750 0.156667
0 0.799375 0.832500 0.071250 0.125000
0 0.900625 0.820833 0.058750 0.088333
