0 0.126667 0.621667 0.173333 0.272222
0 0.478750 0.655000 0.204167 0.298889
0 0.303333 0.466667 0.136667 0.206667
0 0.207917 0.383333 0.140833 0.217778
0 0.126250 0.309444 0.127500 0.205556
0 0.418750 0.410000 0.130833 0.184444
0 0.516250 0.375000 0.109167 0.210000
0 0.324167 0.257778 0.100000 0.177778
0 0.375000 0.183333 0.083333 0.144444
0 0.430833 0.280000 0.085000 0.173333
0 0.489167 0.258889 0.081667 0.155556
0 0.540417 0.206667 0.082500 0.184444
0 0.607083 0.267222 0.117500 0.236667
0 0.713750 0.301667 0.079167 0.216667
0 0.822083 0.333889 0.109167 0.183333
0 0.912083 0.227778 0.119167 0.182222
0 0.795000 0.218889 0.081667 0.128889
0 0.758750 0.148889 0.109167 0.160000
0 0.670833 0.130556 0.081667 0.134444
0 0.670000 0.211111 0.071667 0.151111
