0 0.133663 0.118000 0.227723 0.180000
0 0.356436 0.122000 0.188119 0.196000
0 0.599010 0.122000 0.207921 0.188000
0 0.851485 0.114000 0.237624 0.172000
0 0.851485 0.354000 0.247525 0.188000
0 0.608911 0.352000 0.198020 0.192000
0 0.368812 0.358000 0.232673 0.196000
0 0.128713 0.348000 0.237624 0.184000
0 0.141089 0.606000 0.242574 0.212000
0 0.371287 0.618000 0.207921 0.204000
0 0.591584 0.614000 0.193069 0.204000
0 0.826733 0.600000 0.237624 0.232000
0 0.841584 0.856000 0.198020 0.208000
0 0.616337 0.844000 0.232673 0.224000
0 0.376238 0.844000 0.198020 0.200000
0 0.133663 0.850000 0.207921 0.204000
